100
4
7 12 2 6
16 15 8 14
1 5 13 4
11 9 3 10
2
15 14 2 4
8 7 6 3
9 11 10 12
5 16 1 13
4
1 13 16 7
3 10 6 14
8 9 2 4
5 12 15 11
3
1 5 10 4
8 14 13 16
11 2 12 7
6 15 9 3
4
6 3 4 1
11 12 16 9
2 5 8 15
10 7 14 13
2
5 14 15 7
8 9 1 12
4 2 10 11
3 16 6 13
3
15 16 13 1
2 10 14 4
9 8 12 3
5 7 11 6
3
10 15 6 11
2 5 13 14
9 3 8 12
16 4 1 7
1
16 4 2 10
6 8 15 3
12 5 9 11
7 13 1 14
3
12 10 13 7
11 1 8 16
2 3 15 4
5 6 14 9
3
12 15 7 10
8 11 2 3
13 5 9 6
14 4 16 1
4
5 7 10 4
12 6 3 11
16 2 15 9
13 8 1 14
4
4 13 2 3
15 6 7 1
5 12 14 10
9 16 8 11
2
5 9 8 11
4 3 16 1
13 12 6 15
14 10 2 7
2
13 5 4 10
15 12 8 2
16 1 9 11
7 14 6 3
4
10 13 9 4
7 5 3 11
6 16 1 2
12 14 15 8
2
16 4 13 7
6 12 14 8
10 2 9 15
5 1 3 11
1
8 15 3 10
12 2 5 13
7 16 1 4
9 11 14 6
4
7 10 6 2
11 1 5 13
16 15 3 4
14 12 8 9
3
1 12 5 10
7 2 14 8
15 4 6 11
13 16 9 3
1
8 9 15 7
12 1 2 14
4 6 13 5
10 11 3 16
3
3 14 8 5
6 2 13 11
12 9 1 16
10 7 4 15
2
5 2 15 13
6 8 12 16
7 14 11 4
3 1 9 10
1
1 15 2 13
16 10 5 12
8 6 3 9
11 7 14 4
3
12 1 13 8
16 2 4 5
11 7 15 9
3 14 6 10
1
4 8 5 14
15 16 7 13
12 6 10 1
3 2 9 11
1
9 5 2 7
14 4 3 15
1 16 6 10
12 8 13 11
4
15 14 1 3
7 5 4 16
10 12 8 6
13 11 2 9
1
3 12 11 8
16 13 7 1
9 15 6 2
14 5 10 4
2
15 12 2 9
5 7 1 3
10 4 6 14
13 8 16 11
2
6 7 9 2
15 8 11 12
5 16 13 1
14 4 10 3
1
9 7 1 10
15 12 6 5
3 4 11 16
13 2 8 14
4
16 7 3 9
8 4 13 1
15 5 10 14
6 2 11 12
1
11 12 4 3
5 1 2 8
9 10 15 13
6 7 16 14
4
1 2 7 6
8 5 14 11
13 12 9 3
16 4 15 10
1
12 11 10 13
7 16 15 4
1 14 8 3
5 9 6 2
1
13 15 5 14
1 2 16 9
7 12 10 6
3 8 4 11
4
2 7 4 1
3 6 9 16
11 12 10 8
13 14 15 5
2
7 8 11 4
16 10 5 9
15 13 1 6
12 3 14 2
2
13 2 7 3
5 11 14 4
15 16 12 1
8 6 9 10
3
12 7 11 8
6 5 16 3
15 14 13 10
2 9 1 4
3
1 9 3 10
5 8 16 12
15 14 11 13
2 7 6 4
4
12 9 4 13
8 7 2 11
1 14 5 16
6 15 10 3
4
14 5 11 7
13 1 15 9
2 4 16 8
12 6 3 10
3
15 13 16 6
5 3 4 14
7 9 10 12
2 8 11 1
3
3 15 10 6
13 12 11 16
5 14 4 8
7 1 9 2
4
9 3 8 10
6 4 12 5
7 15 13 2
11 1 16 14
4
15 16 1 13
2 8 3 11
4 14 7 9
5 10 12 6
3
15 12 9 13
14 6 1 2
4 5 11 3
7 8 16 10
4
7 9 15 1
2 12 14 16
8 10 13 6
4 11 5 3
3
3 11 8 6
9 14 4 1
5 12 2 16
13 7 15 10
1
4 15 14 13
9 10 3 16
2 7 12 6
1 11 5 8
1
13 4 5 6
8 1 3 14
9 11 15 16
10 12 2 7
3
12 14 11 1
5 10 9 6
13 8 15 7
2 4 16 3
4
16 5 7 15
3 4 13 9
6 2 12 14
11 1 10 8
3
4 6 14 5
9 13 3 12
10 8 11 1
2 15 7 16
1
11 6 14 1
13 10 2 9
15 4 7 16
12 3 8 5
3
1 4 8 10
16 3 12 15
7 14 9 6
5 11 13 2
3
14 12 4 9
16 5 10 3
13 8 15 1
11 6 7 2
3
14 9 8 15
16 5 3 12
6 7 13 10
4 2 11 1
1
13 7 2 5
11 4 9 16
12 10 3 1
14 8 6 15
2
1 6 10 16
8 2 4 5
11 13 7 12
3 15 14 9
1
1 2 7 15
13 6 14 4
10 5 3 8
11 16 9 12
2
2 3 6 7
11 8 14 16
13 15 1 9
10 5 4 12
3
11 12 5 6
2 14 16 7
1 8 13 9
4 15 3 10
3
11 3 4 10
2 16 9 7
15 6 14 13
5 12 8 1
2
9 6 4 16
10 1 5 8
2 15 13 12
3 14 7 11
2
5 10 16 9
2 14 4 6
15 7 3 8
11 1 13 12
3
6 14 13 15
8 10 5 4
3 1 16 7
9 11 12 2
1
11 10 14 13
5 9 3 7
6 4 16 1
15 8 2 12
3
9 11 1 4
10 8 5 3
12 16 14 13
2 7 6 15
2
1 10 4 3
2 16 7 15
8 14 5 9
11 12 6 13
3
6 8 11 16
9 12 14 13
7 2 3 10
4 5 1 15
1
13 5 4 9
3 7 11 1
10 8 16 15
6 14 12 2
2
2 12 4 3
10 6 13 11
5 8 9 1
16 7 15 14
3
15 8 7 9
4 11 13 14
10 12 1 3
5 6 2 16
2
15 16 3 11
6 4 7 8
2 5 12 14
13 9 1 10
4
11 12 10 16
15 13 9 14
3 2 7 5
6 4 8 1
4
10 1 8 7
14 5 13 16
2 15 3 4
6 12 11 9
3
8 7 13 1
11 9 4 15
10 3 16 14
2 6 12 5
2
10 4 14 8
6 12 9 15
1 13 5 11
3 2 16 7
3
3 8 10 2
5 11 4 13
6 9 15 12
7 16 14 1
2
15 1 6 4
14 12 13 16
7 5 8 9
3 10 11 2
1
16 12 4 2
15 7 11 5
9 6 8 3
1 14 10 13
2
2 6 12 14
7 1 4 13
8 10 3 11
16 5 9 15
3
11 8 9 4
1 2 3 16
15 5 12 7
14 6 10 13
4
9 11 2 5
14 13 7 10
4 12 3 6
1 8 15 16
1
8 16 1 15
14 5 11 2
13 10 12 6
4 7 9 3
2
12 13 9 1
4 15 6 16
8 5 3 7
14 2 10 11
1
13 8 6 15
14 3 4 7
16 5 2 12
11 9 1 10
2
9 14 5 13
7 4 8 11
12 15 10 6
1 2 16 3
3
15 12 5 6
2 11 16 3
14 8 4 7
10 13 9 1
2
10 14 5 7
9 11 1 3
6 8 12 2
13 4 16 15
4
8 6 7 13
4 3 1 10
15 2 16 11
5 12 9 14
4
4 14 9 8
16 5 11 6
12 15 1 7
13 3 2 10
4
10 9 8 12
15 13 3 4
1 7 6 2
16 5 14 11
1
4 12 6 16
5 1 13 10
8 11 2 3
7 15 14 9
2
13 9 8 2
11 3 1 12
4 14 5 16
6 10 15 7
1
15 13 5 16
10 12 1 14
3 8 2 7
6 11 4 9
4
8 2 16 11
9 10 6 13
1 3 12 14
5 15 7 4
4
5 7 2 6
8 3 4 13
1 11 9 10
15 14 16 12
3
4 13 1 6
15 9 3 8
5 14 16 12
2 10 11 7
4
8 14 6 2
15 7 12 5
1 16 4 10
9 11 13 3
3
3 1 10 8
5 16 15 11
7 6 14 4
2 13 9 12
2
6 15 9 8
4 10 2 16
5 14 7 3
11 1 13 12
3
13 12 15 6
1 11 4 9
7 3 16 10
5 2 8 14
2
10 2 12 11
5 16 6 15
1 3 8 7
9 13 4 14
1
15 14 9 4
8 5 12 10
16 11 7 13
2 3 1 6
4
14 5 9 4
1 11 15 7
3 8 6 16
12 13 10 2
4
4 12 1 7
5 8 11 13
9 3 14 6
16 15 10 2
3
16 10 4 9
7 2 14 3
5 15 1 6
11 12 13 8
2
2 6 12 16
10 8 13 11
4 9 1 5
7 3 14 15
3
12 8 13 4
6 3 2 1
7 5 15 10
16 11 14 9
1
8 11 9 12
10 14 15 1
13 16 4 6
2 7 5 3
1
7 11 16 12
3 6 4 13
9 1 8 10
15 5 2 14
2
14 6 5 4
3 10 1 13
2 11 8 9
12 15 16 7
2
12 8 9 5
3 4 1 11
10 2 15 6
7 13 16 14
1
9 1 8 3
10 14 6 16
5 4 13 12
15 2 11 7
4
4 1 13 6
14 2 3 15
5 12 11 7
9 10 8 16
3
9 16 10 2
14 15 12 3
4 13 1 6
8 11 7 5
1
9 7 4 3
5 6 16 14
2 11 13 12
15 10 1 8
3
16 7 3 4
15 5 14 2
6 11 10 12
8 1 13 9
2
5 6 15 10
8 14 4 9
16 2 3 13
7 12 1 11
3
15 8 7 11
4 9 3 5
16 2 14 1
12 13 6 10
4
12 2 7 6
15 14 13 1
3 5 11 4
9 16 8 10
4
7 5 14 13
12 8 6 3
16 4 1 10
2 15 11 9
1
1 15 12 5
7 11 14 16
8 6 10 3
4 9 2 13
1
8 6 4 3
13 12 5 7
11 9 1 16
14 15 2 10
3
1 8 3 13
15 12 5 14
2 9 6 7
4 16 10 11
1
14 1 12 2
8 7 5 6
3 9 16 15
4 10 13 11
3
12 7 15 9
1 8 4 13
3 10 16 11
6 5 14 2
2
10 1 5 12
15 2 16 4
14 6 3 7
8 9 11 13
1
13 2 5 11
3 1 8 15
4 14 10 16
9 6 7 12
3
8 6 15 9
7 3 12 16
5 2 11 13
14 4 1 10
1
12 4 9 13
16 8 15 1
14 11 6 10
3 5 7 2
2
8 5 14 15
9 12 13 4
1 7 11 6
2 3 16 10
3
5 3 2 8
4 13 16 11
14 15 6 12
1 10 7 9
1
5 11 7 16
1 3 2 12
9 8 10 13
15 4 6 14
3
3 12 8 9
14 6 2 4
13 11 1 15
5 16 7 10
3
10 12 13 4
8 15 7 9
6 14 1 16
2 11 3 5
3
7 4 10 12
13 1 15 14
6 16 2 11
5 9 8 3
4
14 11 5 8
15 12 4 1
9 16 6 7
2 13 3 10
2
12 13 7 11
16 10 8 14
6 4 2 15
3 5 1 9
3
10 1 14 3
4 5 11 15
12 16 2 13
6 9 7 8
2
11 13 1 7
2 4 6 8
16 5 9 15
10 3 14 12
2
15 14 9 5
6 2 1 8
4 12 7 11
13 16 10 3
4
7 1 9 15
5 3 8 6
12 14 10 13
16 2 11 4
4
9 3 8 4
13 10 2 5
15 7 12 11
14 1 16 6
1
2 14 4 10
11 13 9 8
6 1 7 5
12 16 15 3
2
11 8 15 13
7 14 9 5
4 6 12 2
1 16 3 10
4
3 8 5 12
10 15 1 4
16 6 11 13
14 7 9 2
1
11 5 13 9
4 2 8 14
12 15 10 3
16 7 6 1
1
13 9 7 12
1 3 15 16
10 14 4 6
11 5 2 8
1
9 13 1 7
15 14 2 10
6 5 3 16
12 4 11 8
2
12 3 13 9
15 1 11 6
5 7 2 10
8 14 4 16
4
6 1 15 3
11 5 4 16
8 7 10 2
9 12 14 13
2
6 5 15 1
13 12 2 9
4 8 10 14
11 3 16 7
4
3 8 14 13
1 4 16 15
6 7 5 12
2 11 10 9
2
8 13 4 5
1 10 6 15
16 12 7 2
3 14 9 11
1
4 10 9 7
6 11 13 16
14 15 8 5
12 2 1 3
1
13 15 7 1
6 4 14 2
5 10 12 3
11 9 8 16
1
16 5 4 15
12 8 10 2
7 9 3 6
11 13 14 1
4
8 14 3 4
9 10 13 2
1 16 11 15
5 6 12 7
4
9 5 8 11
6 2 10 15
13 7 16 3
1 14 12 4
4
9 6 8 2
10 7 16 15
3 14 1 5
11 12 4 13
2
4 3 11 6
12 9 5 10
15 7 14 13
1 16 8 2
1
6 9 16 4
3 1 7 14
8 13 2 12
5 10 11 15
2
14 3 6 4
2 7 10 13
12 5 1 16
15 11 9 8
1
3 2 15 4
9 6 12 11
13 1 14 7
16 5 8 10
4
11 6 14 7
16 13 12 1
4 10 3 8
5 2 9 15
2
9 1 4 14
8 13 5 12
16 11 3 15
2 7 6 10
4
4 9 11 12
15 5 8 2
10 16 13 6
3 14 7 1
2
4 16 13 8
10 9 11 6
2 12 15 7
3 1 5 14
4
5 1 11 7
16 8 6 9
13 10 2 12
15 14 4 3
2
8 3 15 10
2 12 9 1
11 16 5 14
4 13 6 7
4
9 3 10 2
11 6 5 16
13 12 8 1
7 4 15 14
1
8 10 1 16
13 15 9 5
6 3 2 11
4 7 14 12
3
7 9 13 12
4 11 3 15
8 10 16 1
6 14 5 2
3
1 14 13 6
2 8 11 10
4 15 3 5
12 9 16 7
2
3 13 4 10
1 12 9 6
5 11 15 8
2 16 14 7
4
10 4 8 15
6 14 11 1
2 13 3 5
7 16 12 9
1
14 15 8 9
5 2 1 12
3 6 11 16
4 7 10 13
1
1 16 6 11
5 12 15 9
14 3 10 13
7 8 4 2
4
4 10 14 2
8 13 16 1
6 11 5 3
9 12 7 15
4
9 1 8 13
6 5 7 15
3 10 12 14
16 11 4 2
3
2 9 14 3
4 10 16 13
15 7 6 12
5 1 8 11
1
5 1 2 7
10 13 12 14
15 11 3 6
16 9 8 4
1
16 2 11 14
13 15 12 10
6 8 3 1
4 9 5 7
4
11 4 15 1
12 2 3 5
10 6 9 13
14 7 8 16
4
1 4 6 16
3 15 13 12
7 10 2 9
8 11 14 5
2
6 4 2 5
7 13 10 16
3 9 1 12
14 15 8 11
4
3 12 10 9
6 8 1 2
14 15 7 16
11 13 5 4
3
14 16 6 7
15 1 11 9
13 4 5 12
2 3 8 10
3
3 4 10 8
15 14 7 5
12 13 16 9
6 11 2 1
2
9 3 8 5
13 4 16 2
6 15 10 7
11 12 1 14
3
4 16 13 10
2 9 7 5
12 3 11 15
8 14 6 1
2
8 4 2 6
1 13 7 11
14 9 10 15
3 5 12 16
3
11 8 2 12
5 9 3 14
13 4 16 6
7 10 1 15
2
15 16 12 6
4 9 1 13
14 10 8 7
5 2 3 11
3
15 4 7 10
16 2 13 3
12 14 8 5
1 6 11 9
