2
100 1 5 15 13 11 3 0 8 23 22 21 1 0 1 18 3 0 5 3 16 11 2 2 6 15 28 1 0 7 30 2 1 3 24 1 2 1 7 10 21 1 0 10 30 10 7 18 1 0 3 6 2 2 2 6 5 3 3 8 26 22 19 1 0 3 6 3 0 2 4 23 24 10 7 18 1 0 3 6 2 2 2 6 5 3 3 8 26 22 19 1 0 3 6 3 0 2 4 23 24 10 7 18 1 0 3 6 2 2 2 6 5 3 3 8 26 22 19 1 0 3 6 3 0 2 4 23 24 10 7 18 1 0 3 6 2 2 2 6 5 3 3 8 26 22 19 1 0 3 6 3 0 2 4 23 24 10 7 18 1 0 3 6 2 2 2 6 5 3 3 8 26 22 19 1 0 3 6 3 0 2 4 23 24 10 7 18 1 0 3 6 2 2 2 6 5 3 3 8 26 22 19 1 0 3 6 3 0 2 4 23 24 10 7 18 1 0 3 6 2 2 2 6 5 3 3 8 26 22 19 1 0 3 6 3 0 2 4 23 24 10 7 18 1 0 3 6 2 2 2 6 5 3 3 8 26 22 19 1 0 3 6 3 0 2 4 23 24 10 7 18 1 0 3 6 2 2 2 6 5 3 3 8 26 22 19 1 0 3 6 3 0 2 4 23 24 10 7 18 1 0 3 6 2 2 2 6 5 3 3 8 26 22 19 1 0 3 6 3 0 2 4 23 24 10 7 18 1 0 3 6 2 2 2 6 5 3 3 8 26 22 19 1 0 3 6 3 0 2 4 23 24 10 7 18 1 0 3 6 2 2 2 6 5 3 3 8 26 22 19 1 0 3 6 3 0 2 4 23 24 10 7 18 1 0 3 6 2 2 2 6 5 3 3 8 26 22 19 1 0 3 6 3 0 2 4 23 24 10 7 18 1 0 3 6 2 2 2 6 5 3 3 8 26 22 19 1 0 3 6 3 0 2 4 23 24
1 0 10 17
2 2 9 10 24
3 0 0 0 0 0
1 0 1 7
2 1 9 18 30
2 2 0 22 23
3 1 3 6 5 29
2 0 3 16 2
1 0 8 17
1 1 7 5
2 0 7 18 30
3 0 10 3 4 18
3 3 9 2 7 7
1 0 3 6
2 0 6 15 14
3 2 9 17 26 22
2 0 7 5 11
2 1 3 5 5
3 0 8 30 24 1
1 0 0 17
2 1 9 18 24
3 0 8 27 16 17
1 0 2 3
3 0 7 18 24 19
3 0 7 5 15 17
3 0 8 16 12 4
1 0 8 28
1 1 10 12
2 2 4 18 23
2 0 3 25 6
2 1 4 11 2
3 2 5 12 11 11
3 3 7 21 22 14
3 2 1 12 16 0
3 0 0 30 30 30
2 0 3 8 30
1 1 1 21
3 0 4 21 24 2
3 3 3 27 23 8
1 0 8 7
1 0 7 17
3 1 3 24 12 28
3 0 1 14 26 11
3 0 9 8 23 1
2 0 8 12 20
2 2 8 8 25
1 0 5 6
1 0 8 20
1 0 5 12
2 1 0 17 25
3 1 4 1 30 5
2 1 7 17 17
1 0 7 11
3 0 1 5 23 10
2 0 10 27 15
1 0 8 1
3 0 8 30 28 30
2 1 9 4 9
3 3 6 6 10 9
2 2 3 9 13
1 0 2 1
2 0 4 8 9
1 1 10 17
1 0 3 5
2 2 1 13 4
1 1 1 18
2 0 6 15 14
2 1 5 12 11
1 1 2 19
2 1 1 26 22
3 3 2 24 19 20
2 1 10 16 12
3 0 3 5 6 6
2 0 2 2 5
1 0 8 0
1 0 7 18
2 2 3 18 18
3 1 9 24 23 24
2 0 1 0 0
1 1 0 18
2 1 8 20 20
3 3 4 23 14 12
1 1 7 9
1 1 6 6
2 2 6 8 5

